1744451831268 0.001 1
1744451843077 0.001 2
1744451853037 0.001 3
1744451859379 0.001 4
1744451865873 0.001 5
1744451872268 0.00025 6
1744451882188 0.00025 7
1744451891970 0.00025 8
1744451898496 0.00025 9
1744451904949 0.00025 10
1744451911412 6.25e-05 11
1744451921406 6.25e-05 12
1744451931229 6.25e-05 13
1744451941270 6.25e-05 14
1744451947862 6.25e-05 15
1744451954378 6.25e-05 16
1744451964477 6.25e-05 17
1744451974594 6.25e-05 18
1744451984400 6.25e-05 19
1744451990948 6.25e-05 20
1744451997353 6.25e-05 21
1744452007205 6.25e-05 22
1744452013593 6.25e-05 23
1744452020100 6.25e-05 24
1744452026571 1.5625e-05 25
1744452036713 1.5625e-05 26
1744452043133 1.5625e-05 27
1744452052930 1.5625e-05 28
1744452059296 1.5625e-05 29
1744452065743 1.5625e-05 30
1744452075445 1.5625e-05 31
1744452082170 1.5625e-05 32
1744452091915 1.5625e-05 33
1744452098405 1.5625e-05 34
1744452104846 1.5625e-05 35
1744452114446 1.5625e-05 36
1744452120675 1.5625e-05 37
1744452130305 1.5625e-05 38
1744452137046 1.5625e-05 39
1744452146877 1.5625e-05 40
1744452156704 1.5625e-05 41
1744452163221 1.5625e-05 42
1744452172904 1.5625e-05 43
1744452179370 1.5625e-05 44
1744452185805 1.5625e-05 45
1744452192269 3.90625e-06 46
1744452198708 3.90625e-06 47
1744452208446 3.90625e-06 48
1744452218161 3.90625e-06 49
1744452224850 3.90625e-06 50
1744452231222 3.90625e-06 51
1744452241057 3.90625e-06 52
1744452247622 3.90625e-06 53
1744452254068 3.90625e-06 54
1744452260532 1e-06 55
1744452270393 1e-06 56
1744452280185 1e-06 57
1744452289968 1e-06 58
1744452296376 1e-06 59
1744452302875 1e-06 60
1744452309363 1e-06 61
1744452315807 1e-06 62
1744452322272 1e-06 63
