1744451834605 0.027041218213431924 1
1744451846097 0.0007016134241611922 2
1744451855952 0.0005314547703039415 3
1744451862342 0.0005243755601033376 4
1744451868802 0.0005406239378128797 5
1744451875200 0.0004236341949857386 6
1744451885196 0.00040686641239454763 7
1744451894920 0.00040265492692736284 8
1744451901420 0.000419298491735766 9
1744451907911 0.00044300620557523557 10
1744451914412 0.0004028317779830937 11
1744451924349 0.00038214819606168773 12
1744451934210 0.0003794171901078918 13
1744451944287 0.00038339690669592276 14
1744451950867 0.00037824254173630896 15
1744451957474 0.00037157833277637233 16
1744451967479 0.00037566153708933693 17
1744451977555 0.00036662551850731725 18
1744451987338 0.0003680972533465106 19
1744451993900 0.000368374486086019 20
1744452000312 0.00036383791092671816 21
1744452010146 0.0003761605767067522 22
1744452016541 0.0003743265476479227 23
1744452023102 0.00036922170166407936 24
1744452029520 0.00035504815693049497 25
1744452039655 0.000352814778956411 26
1744452046072 0.0003962023442125365 27
1744452055856 0.0003626956852807278 28
1744452062246 0.0003627443049857714 29
1744452068683 0.0003510233710930434 30
1744452078564 0.00035245767654048214 31
1744452085118 0.0003566597219544527 32
1744452094902 0.00035032942588290536 33
1744452101376 0.000358342285396467 34
1744452107757 0.000350763705996385 35
1744452117293 0.000351435651125563 36
1744452123569 0.00034675377757813637 37
1744452133267 0.00034668709385782834 38
1744452139990 0.0003450004494885857 39
1744452149807 0.000344892543854916 40
1744452159690 0.000343860190774837 41
1744452166164 0.00034675321161369634 42
1744452175912 0.00034333020781120686 43
1744452182325 0.00035070010976753486 44
1744452188766 0.00034589461298811986 45
1744452195230 0.0003411628640606068 46
1744452201654 0.0003397955659920626 47
1744452211405 0.00034760380417694627 48
1744452221160 0.00034168005631413664 49
1744452227836 0.00034870646627025744 50
1744452234077 0.00034175723340013064 51
1744452244092 0.0003442119710159424 52
1744452250559 0.00034010176775687987 53
1744452257075 0.00034285352765060643 54
1744452263509 0.00034201528790711973 55
1744452273414 0.0003383922838675689 56
1744452283171 0.0003385772836517045 57
1744452292950 0.00034344072151599965 58
1744452299350 0.00034435939396017007 59
1744452305872 0.00034774162210443794 60
1744452312350 0.0003447176994964609 61
1744452318853 0.00033914163452272044 62
1744452325277 0.0003383920393389417 63
