1744448214322 0.001 1
1744448229878 0.001 2
1744448240678 0.001 3
1744448250639 0.001 4
1744448260472 0.001 5
1744448270649 0.001 6
1744448280797 0.001 7
1744448290924 0.001 8
1744448300653 0.001 9
1744448310452 0.001 10
1744448320249 0.001 11
1744448329998 0.001 12
1744448339695 0.001 13
1744448349558 0.001 14
1744448359361 0.001 15
1744448369272 0.001 16
1744448379475 0.001 17
1744448389217 0.001 18
1744448399004 0.001 19
1744448408902 0.001 20
1744448418630 0.001 21
1744448428603 0.001 22
1744448438232 0.001 23
1744448447698 0.001 24
1744448457337 0.001 25
1744448466867 0.001 26
1744448473012 0.001 27
1744448479537 0.001 28
1744448486444 0.00025 29
1744448493204 0.00025 30
1744448499914 0.00025 31
