1744448219849 24289.412614493536 1
1744448232834 23149.051892510775 2
1744448243578 21673.79983836207 3
1744448253536 20478.860856681036 4
1744448263544 19618.531569908406 5
1744448273708 18609.539315059268 6
1744448283751 17689.784768992457 7
1744448293891 16480.26401703933 8
1744448303616 15657.381852774784 9
1744448313415 14929.211021686422 10
1744448323202 13784.61880387931 11
1744448332942 13126.51138200431 12
1744448342714 12252.703428071121 13
1744448352536 11668.763385641163 14
1744448362380 10999.011314655172 15
1744448372251 10046.214683795797 16
1744448382424 9279.350720635775 17
1744448392223 8691.943940261315 18
1744448401961 8028.206324084052 19
1744448411860 7290.433888468249 20
1744448421586 6920.4043558054955 21
1744448431599 6303.953646955819 22
1744448441114 5695.910173087284 23
1744448450574 5163.430893470501 24
1744448460202 4869.755396349677 25
1744448469701 4261.146324420797 26
1744448476060 3945.835945918642 27
1744448482420 3722.7712276064117 28
1744448489480 3407.18509647764 29
1744448496191 3306.015519766972 30
1744448502871 3094.3516761516703 31
