1744449038975 0.001 1
1744449051279 0.001 2
1744449062895 0.001 3
1744449073174 0.001 4
1744449083211 0.001 5
1744449092563 0.001 6
1744449101969 0.001 7
1744449111742 0.001 8
1744449121443 0.001 9
1744449130963 0.001 10
1744449140347 0.001 11
1744449149637 0.001 12
1744449159290 0.001 13
1744449169538 0.001 14
1744449179114 0.001 15
1744449188567 0.001 16
1744449198227 0.001 17
1744449207743 0.001 18
1744449217738 0.001 19
1744449227952 0.001 20
1744449237380 0.001 21
1744449246917 0.001 22
1744449256653 0.001 23
1744449266015 0.001 24
1744449275510 0.001 25
1744449285256 0.001 26
1744449291457 0.001 27
1744449297623 0.001 28
1744449303812 0.00025 29
1744449310047 0.00025 30
1744449316269 0.00025 31
