1744449042155 24289.412614493536 1
1744449054188 23149.051892510775 2
1744449065781 21673.79983836207 3
1744449076276 20478.860856681036 4
1744449086015 19618.531569908406 5
1744449095370 18609.539315059268 6
1744449104767 17689.784768992457 7
1744449114666 16480.26401703933 8
1744449124287 15657.381852774784 9
1744449133768 14929.211021686422 10
1744449143115 13784.61880387931 11
1744449152434 13126.51138200431 12
1744449162341 12252.703428071121 13
1744449172359 11668.763385641163 14
1744449181939 10999.011314655172 15
1744449191376 10046.214683795797 16
1744449201019 9279.350720635775 17
1744449210539 8691.943940261315 18
1744449220886 8028.206324084052 19
1744449230757 7290.433888468249 20
1744449240212 6920.4043558054955 21
1744449249736 6303.953646955819 22
1744449259457 5695.910173087284 23
1744449268802 5163.430893470501 24
1744449278300 4869.755396349677 25
1744449288060 4261.146324420797 26
1744449294229 3945.835945918642 27
1744449300436 3722.7712276064117 28
1744449306637 3407.18509647764 29
1744449312866 3306.015519766972 30
1744449319163 3094.3516761516703 31
